worldname=New World
seed=1595210579296
time=20052
weather=0.0
location=-235.27505,5.050006,1836.225
items=41,5,3,38,26,27,7,30,36,4,8,37,0,0,0,0,0,0,0,0,0,0,0,0,0,0,0,0,0,0,0,0,0,0,0,0,0,0,0,0,0,0,0,0,0,
quantities=9968,123,1,196,44,319,16,9950,951,1,58,22,0,0,0,0,0,0,0,0,0,0,0,0,0,0,0,0,0,0,0,0,0,0,0,0,0,0,0,0,0,0,0,0,0,