worldname=New World
seed=1594922278269
time=5430
weather=-0.05098
location=4.3608165,44.166527,-37.999954
items=3,30,27,32,35,41,42,34,28,29,11,36,31,33,37,38,43,12,13,14,15,16,25,18,17,19,20,0,0,0,0,0,0,0,0,0,0,0,0,0,0,0,0,0,0,
quantities=1,999,968,998,999,999,999,947,999,999,999,999,999,999,999,999,999,999,1,1,1,1,1,1,1,1,1,0,0,0,0,0,0,0,0,0,0,0,0,0,0,0,0,0,0,