worldname=New World
seed=1594877419517
time=1354
weather=-0.02708
location=-1.9636208,2.0000043,-35.59139
items=3,30,27,32,35,37,42,34,28,29,56,36,31,33,41,38,43,57,58,59,60,61,70,63,62,64,65,71,0,0,0,0,0,0,0,0,0,0,0,0,0,0,0,0,0,
quantities=1,999,999,999,999,991,997,983,996,999,999,999,999,999,999,999,999,999,1,1,1,1,1,1,1,1,1,1,0,0,0,0,0,0,0,0,0,0,0,0,0,0,0,0,0,